=======
Prepend
=======
          |---------------Vector-------------|   |-----------------List-------------|
   Size        Time  Creates   Copies Destroys        Time  Creates   Copies Destroys
    100        0 ms      100      199      199        0 ms      100      100      100
    500       13 ms      500      999      999        0 ms      500      500      500
  1,000        8 ms    1,000    1,999    1,999        0 ms    1,000    1,000    1,000
  5,000      261 ms    5,000    9,999    9,999        0 ms    5,000    5,000    5,000
 10,000      460 ms   10,000   19,999   19,999        1 ms   10,000   10,000   10,000
 50,000    6,311 ms   50,000   99,999   99,999        4 ms   50,000   50,000   50,000

======
Append
======
          |---------------Vector-------------|   |-----------------List-------------|
   Size        Time  Creates   Copies Destroys        Time  Creates   Copies Destroys
    100        0 ms      100      100      100        0 ms      100      100      100
    500        0 ms      500      500      500        0 ms      500      500      500
  1,000        0 ms    1,000    1,000    1,000        0 ms    1,000    1,000    1,000
  5,000        0 ms    5,000    5,000    5,000        0 ms    5,000    5,000    5,000
 10,000        0 ms   10,000   10,000   10,000        0 ms   10,000   10,000   10,000
 50,000        1 ms   50,000   50,000   50,000        5 ms   50,000   50,000   50,000

===
Get
===
          |---------------Vector-------------|   |-----------------List-------------|
   Size        Time  Creates   Copies Destroys        Time  Creates   Copies Destroys
    100        0 ms        0   10,000   10,000        1 ms        0   10,000   10,000
    500        0 ms        0   10,000   10,000        6 ms        0   10,000   10,000
  1,000        0 ms        0   10,000   10,000       14 ms        0   10,000   10,000
  5,000        0 ms        0   10,000   10,000      118 ms        0   10,000   10,000
 10,000        0 ms        0   10,000   10,000      324 ms        0   10,000   10,000
 50,000        1 ms        0   10,000   10,000      972 ms        0   10,000   10,000

======
Remove
======
          |---------------Vector-------------|   |-----------------List-------------|
   Size        Time  Creates   Copies Destroys        Time  Creates   Copies Destroys
    100        0 ms        0        0      100        0 ms        0        0      100
    500        0 ms        0        0      500        0 ms        0        0      500
  1,000        0 ms        0        0    1,000        0 ms        0        0    1,000
  5,000       19 ms        0        0    5,000       24 ms        0        0    5,000
 10,000      105 ms        0        0   10,000      183 ms        0        0   10,000
 50,000    2,084 ms        0        0   50,000    3,203 ms        0        0   50,000

======
Insert
======
          |---------------Vector-------------|   |-----------------List-------------|
   Size        Time  Creates   Copies Destroys        Time  Creates   Copies Destroys
    100        0 ms      100      196      196        0 ms      100      100      100
    500        0 ms      500      996      996        1 ms      500      500      500
  1,000        3 ms    1,000    1,989    1,989        7 ms    1,000    1,000    1,000
  5,000       86 ms    5,000    9,993    9,993      323 ms    5,000    5,000    5,000
 10,000      443 ms   10,000   19,988   19,988      788 ms   10,000   10,000   10,000
 50,000    9,377 ms   50,000   99,988   99,988   20,036 ms   50,000   50,000   50,000

Done! Total time: 45.2835 seconds

